cube0:
        dd -0.51, 0.9, 3.25, 0.0
        dd -0.51, 0.4, 3.25, 0.0
        dd -1.01, 0.9, 3.25, 0.0
        dd -1.01, 0.4, 3.25, 0.0

        dd -0.51, 0.9, 3.75, 0.0
        dd -0.51, 0.4, 3.75, 0.0
        dd -1.01, 0.9, 3.75, 0.0
        dd -1.01, 0.4, 3.75, 0.0
cube1:
        dd 0.404, -0.738, 3.25, 0.0
        dd 0.404, -1.238, 3.25, 0.0
        dd -0.096, -0.738, 3.25, 0.0
        dd -0.096, -1.238, 3.25, 0.0

        dd 0.404, -0.738, 3.75, 0.0
        dd 0.404, -1.238, 3.75, 0.0
        dd -0.096, -0.738, 3.75, 0.0
        dd -0.096, -1.238, 3.75, 0.0
cube2:
        dd 0.775, 1.101, 3.25, 0.0
        dd 0.775, 0.601, 3.25, 0.0
        dd 0.275, 1.101, 3.25, 0.0
        dd 0.275, 0.601, 3.25, 0.0

        dd 0.775, 1.101, 3.75, 0.0
        dd 0.775, 0.601, 3.75, 0.0
        dd 0.275, 1.101, 3.75, 0.0
        dd 0.275, 0.601, 3.75, 0.0
cube3:
        dd -0.702, -0.055, 3.25, 0.0
        dd -0.702, -0.555, 3.25, 0.0
        dd -1.202, -0.055, 3.25, 0.0
        dd -1.202, -0.555, 3.25, 0.0

        dd -0.702, -0.055, 3.75, 0.0
        dd -0.702, -0.555, 3.75, 0.0
        dd -1.202, -0.055, 3.75, 0.0
        dd -1.202, -0.555, 3.75, 0.0
cube4:
        dd 1.172, -0.138, 3.25, 0.0
        dd 1.172, -0.638, 3.25, 0.0
        dd 0.672, -0.138, 3.25, 0.0
        dd 0.672, -0.638, 3.25, 0.0

        dd 1.172, -0.138, 3.75, 0.0
        dd 1.172, -0.638, 3.75, 0.0
        dd 0.672, -0.138, 3.75, 0.0
        dd 0.672, -0.638, 3.75, 0.0
cube5:
        dd -0.198, 1.144, 3.25, 0.0
        dd -0.198, 0.644, 3.25, 0.0
        dd -0.698, 1.144, 3.25, 0.0
        dd -0.698, 0.644, 3.25, 0.0

        dd -0.198, 1.144, 3.75, 0.0
        dd -0.198, 0.644, 3.75, 0.0
        dd -0.698, 1.144, 3.75, 0.0
        dd -0.698, 0.644, 3.75, 0.0
cube6:
        dd 0.009, -0.721, 3.25, 0.0
        dd 0.009, -1.221, 3.25, 0.0
        dd -0.491, -0.721, 3.25, 0.0
        dd -0.491, -1.221, 3.25, 0.0

        dd 0.009, -0.721, 3.75, 0.0
        dd 0.009, -1.221, 3.75, 0.0
        dd -0.491, -0.721, 3.75, 0.0
        dd -0.491, -1.221, 3.75, 0.0
cube7:
        dd 1.064, 0.831, 3.25, 0.0
        dd 1.064, 0.331, 3.25, 0.0
        dd 0.564, 0.831, 3.25, 0.0
        dd 0.564, 0.331, 3.25, 0.0

        dd 1.064, 0.831, 3.75, 0.0
        dd 1.064, 0.331, 3.75, 0.0
        dd 0.564, 0.831, 3.75, 0.0
        dd 0.564, 0.331, 3.75, 0.0
cube8:
        dd -0.746, 0.338, 3.25, 0.0
        dd -0.746, -0.162, 3.25, 0.0
        dd -1.246, 0.338, 3.25, 0.0
        dd -1.246, -0.162, 3.25, 0.0

        dd -0.746, 0.338, 3.75, 0.0
        dd -0.746, -0.162, 3.75, 0.0
        dd -1.246, 0.338, 3.75, 0.0
        dd -1.246, -0.162, 3.75, 0.0
cube9:
        dd 0.949, -0.465, 3.25, 0.0
        dd 0.949, -0.965, 3.25, 0.0
        dd 0.449, -0.465, 3.25, 0.0
        dd 0.449, -0.965, 3.25, 0.0

        dd 0.949, -0.465, 3.75, 0.0
        dd 0.949, -0.965, 3.75, 0.0
        dd 0.449, -0.465, 3.75, 0.0
        dd 0.449, -0.965, 3.75, 0.0
cube10:
        dd 0.184, 1.248, 3.25, 0.0
        dd 0.184, 0.748, 3.25, 0.0
        dd -0.316, 1.248, 3.25, 0.0
        dd -0.316, 0.748, 3.25, 0.0

        dd 0.184, 1.248, 3.75, 0.0
        dd 0.184, 0.748, 3.75, 0.0
        dd -0.316, 1.248, 3.75, 0.0
        dd -0.316, 0.748, 3.75, 0.0
cube11:
        dd -0.348, -0.551, 3.25, 0.0
        dd -0.348, -1.051, 3.25, 0.0
        dd -0.848, -0.551, 3.25, 0.0
        dd -0.848, -1.051, 3.25, 0.0

        dd -0.348, -0.551, 3.75, 0.0
        dd -0.348, -1.051, 3.75, 0.0
        dd -0.848, -0.551, 3.75, 0.0
        dd -0.848, -1.051, 3.75, 0.0
cube12:
        dd 1.226, 0.469, 3.25, 0.0
        dd 1.226, -0.031, 3.25, 0.0
        dd 0.726, 0.469, 3.25, 0.0
        dd 0.726, -0.031, 3.25, 0.0

        dd 1.226, 0.469, 3.75, 0.0
        dd 1.226, -0.031, 3.75, 0.0
        dd 0.726, 0.469, 3.75, 0.0
        dd 0.726, -0.031, 3.75, 0.0
cube13:
        dd -0.634, 0.718, 3.25, 0.0
        dd -0.634, 0.218, 3.25, 0.0
        dd -1.134, 0.718, 3.25, 0.0
        dd -1.134, 0.218, 3.25, 0.0

        dd -0.634, 0.718, 3.75, 0.0
        dd -0.634, 0.218, 3.75, 0.0
        dd -1.134, 0.718, 3.75, 0.0
        dd -1.134, 0.218, 3.75, 0.0
cube14:
        dd 0.617, -0.68, 3.25, 0.0
        dd 0.617, -1.18, 3.25, 0.0
        dd 0.117, -0.68, 3.25, 0.0
        dd 0.117, -1.18, 3.25, 0.0

        dd 0.617, -0.68, 3.75, 0.0
        dd 0.617, -1.18, 3.75, 0.0
        dd 0.117, -0.68, 3.75, 0.0
        dd 0.117, -1.18, 3.75, 0.0
cube15:
        dd 0.576, 1.195, 3.25, 0.0
        dd 0.576, 0.695, 3.25, 0.0
        dd 0.076, 1.195, 3.25, 0.0
        dd 0.076, 0.695, 3.25, 0.0

        dd 0.576, 1.195, 3.75, 0.0
        dd 0.576, 0.695, 3.75, 0.0
        dd 0.076, 1.195, 3.75, 0.0
        dd 0.076, 0.695, 3.75, 0.0
cube16:
        dd -0.612, -0.256, 3.25, 0.0
        dd -0.612, -0.756, 3.25, 0.0
        dd -1.112, -0.256, 3.25, 0.0
        dd -1.112, -0.756, 3.25, 0.0

        dd -0.612, -0.256, 3.75, 0.0
        dd -0.612, -0.756, 3.75, 0.0
        dd -1.112, -0.256, 3.75, 0.0
        dd -1.112, -0.756, 3.75, 0.0
cube17:
        dd 1.234, 0.074, 3.25, 0.0
        dd 1.234, -0.426, 3.25, 0.0
        dd 0.734, 0.074, 3.25, 0.0
        dd 0.734, -0.426, 3.25, 0.0

        dd 1.234, 0.074, 3.75, 0.0
        dd 1.234, -0.426, 3.75, 0.0
        dd 0.734, 0.074, 3.75, 0.0
        dd 0.734, -0.426, 3.75, 0.0
cube18:
        dd -0.383, 1.024, 3.25, 0.0
        dd -0.383, 0.524, 3.25, 0.0
        dd -0.883, 1.024, 3.25, 0.0
        dd -0.883, 0.524, 3.25, 0.0

        dd -0.383, 1.024, 3.75, 0.0
        dd -0.383, 0.524, 3.75, 0.0
        dd -0.883, 1.024, 3.75, 0.0
        dd -0.883, 0.524, 3.75, 0.0
cube19:
        dd 0.228, -0.75, 3.25, 0.0
        dd 0.228, -1.25, 3.25, 0.0
        dd -0.272, -0.75, 3.25, 0.0
        dd -0.272, -1.25, 3.25, 0.0

        dd 0.228, -0.75, 3.75, 0.0
        dd 0.228, -1.25, 3.75, 0.0
        dd -0.272, -0.75, 3.75, 0.0
        dd -0.272, -1.25, 3.75, 0.0
cube20:
        dd 0.917, 0.995, 3.25, 0.0
        dd 0.917, 0.495, 3.25, 0.0
        dd 0.417, 0.995, 3.25, 0.0
        dd 0.417, 0.495, 3.25, 0.0

        dd 0.917, 0.995, 3.75, 0.0
        dd 0.917, 0.495, 3.75, 0.0
        dd 0.417, 0.995, 3.75, 0.0
        dd 0.417, 0.495, 3.75, 0.0
cube21:
        dd -0.741, 0.118, 3.25, 0.0
        dd -0.741, -0.382, 3.25, 0.0
        dd -1.241, 0.118, 3.25, 0.0
        dd -1.241, -0.382, 3.25, 0.0

        dd -0.741, 0.118, 3.75, 0.0
        dd -0.741, -0.382, 3.75, 0.0
        dd -1.241, 0.118, 3.75, 0.0
        dd -1.241, -0.382, 3.75, 0.0
cube22:
        dd 1.089, -0.294, 3.25, 0.0
        dd 1.089, -0.794, 3.25, 0.0
        dd 0.589, -0.294, 3.25, 0.0
        dd 0.589, -0.794, 3.25, 0.0

        dd 1.089, -0.294, 3.75, 0.0
        dd 1.089, -0.794, 3.75, 0.0
        dd 0.589, -0.294, 3.75, 0.0
        dd 0.589, -0.794, 3.75, 0.0
cube23:
        dd -0.034, 1.209, 3.25, 0.0
        dd -0.034, 0.709, 3.25, 0.0
        dd -0.534, 1.209, 3.25, 0.0
        dd -0.534, 0.709, 3.25, 0.0

        dd -0.034, 1.209, 3.75, 0.0
        dd -0.034, 0.709, 3.75, 0.0
        dd -0.534, 1.209, 3.75, 0.0
        dd -0.534, 0.709, 3.75, 0.0
